1024
4611686018427387904
9223372036854775808
18446744073709551616
1267650600228229401496703205376
1606938044258990275541962092341162602522202993782792835301376
515377520732011331036461129765621272702107522001
1000000000000000000000000000000
2432902008176640000
51090942171709440000
265252859812191058636308480000000
30414093201713378043612608166064768844377641568960512000000000000
1267650600228229401496703205377
1267650600228229401496703205375
2535301200456458802993406410752
0
-1267650600228229401496703205375
0
-1267650600228229401496703205376
7
int int
True True True True
True False True
True
123456789012345678901234567890
123456789012345678901234567891
246913578024691357802469135780
-123456789012345678901234567890
354224848179261915075
222232244629420445529739893461909967206666939096499764990979600
158
340282366920938463463374607431768211456
